[gd_scene load_steps=17 format=3 uid="uid://do5d5q3ct36mm"]

[ext_resource type="Script" path="res://characters/enemies/enemy.gd" id="1_4q8d1"]
[ext_resource type="PackedScene" uid="uid://b1ldkr45qc8ln" path="res://characters/enemies/assets/models/bird_monster.glb" id="1_b5e45"]
[ext_resource type="PackedScene" uid="uid://br7d1hkf8a86c" path="res://characters/enemies/hitbox.tscn" id="2_firyk"]

[sub_resource type="CapsuleShape3D" id="CapsuleShape3D_f8rsi"]

[sub_resource type="CapsuleShape3D" id="CapsuleShape3D_jiiat"]
radius = 0.57979

[sub_resource type="CapsuleShape3D" id="CapsuleShape3D_dmwxr"]

[sub_resource type="CapsuleShape3D" id="CapsuleShape3D_6g1g4"]

[sub_resource type="CapsuleShape3D" id="CapsuleShape3D_3q3wt"]

[sub_resource type="CapsuleShape3D" id="CapsuleShape3D_4cimx"]
radius = 0.57979

[sub_resource type="CapsuleShape3D" id="CapsuleShape3D_ma2s7"]
radius = 0.57979

[sub_resource type="CapsuleShape3D" id="CapsuleShape3D_6eldn"]
radius = 0.57979

[sub_resource type="CapsuleShape3D" id="CapsuleShape3D_0y1ta"]
radius = 0.57979

[sub_resource type="BoxShape3D" id="BoxShape3D_o40r8"]
size = Vector3(1, 1.03516, 1)

[sub_resource type="BoxShape3D" id="BoxShape3D_ac7vp"]
size = Vector3(1, 0.61438, 1)

[sub_resource type="BoxShape3D" id="BoxShape3D_1hv31"]
size = Vector3(1, 0.609436, 1)

[sub_resource type="SphereShape3D" id="SphereShape3D_7yjnb"]
radius = 0.264657

[node name="BirdMonsterMelee" type="CharacterBody3D"]
collision_layer = 2
script = ExtResource("1_4q8d1")

[node name="CollisionShape3D" type="CollisionShape3D" parent="."]
transform = Transform3D(1.06214, 0, 0, 0, 0.894775, 0, 0, 0, 0.73456, 0, 0.897616, 0.162)
shape = SubResource("CapsuleShape3D_f8rsi")

[node name="Graphics" parent="." instance=ExtResource("1_b5e45")]

[node name="Skeleton3D" parent="Graphics/Armature" index="0"]
bones/1/rotation = Quaternion(0.0956172, 0.000211845, -0.00216179, 0.995416)
bones/1/scale = Vector3(1, 1, 1)
bones/2/rotation = Quaternion(0.0414742, 0.11283, 0.931378, -0.343634)
bones/2/scale = Vector3(1, 1, 1)
bones/3/rotation = Quaternion(0.137885, -0.0554866, -0.311262, 0.938629)
bones/4/rotation = Quaternion(-0.0470176, 0.121205, 0.934172, 0.332297)
bones/4/scale = Vector3(1, 1, 1)
bones/5/rotation = Quaternion(0.134517, 0.0546721, 0.317527, 0.937066)
bones/6/rotation = Quaternion(0.328428, 0.154726, 0.931432, -0.025094)
bones/6/scale = Vector3(0.999985, 1, 0.999991)
bones/7/rotation = Quaternion(-0.281262, 0.00232481, 0.0141665, 0.959524)
bones/8/rotation = Quaternion(-0.328428, 0.154727, 0.931432, 0.0250947)
bones/8/scale = Vector3(0.999985, 1, 0.99999)
bones/9/rotation = Quaternion(-0.281262, -0.00232482, -0.0141665, 0.959524)

[node name="UpperArmLeft" type="BoneAttachment3D" parent="Graphics/Armature/Skeleton3D" index="1"]
transform = Transform3D(-0.763123, 0.646253, 0.000756857, -0.645434, -0.762213, 0.0494563, 0.0325382, 0.0372528, 0.998776, 0.178326, 1.50373, 0.0705722)
bone_name = "upper_arm.l"
bone_idx = 2

[node name="Hitbox" parent="Graphics/Armature/Skeleton3D/UpperArmLeft" instance=ExtResource("2_firyk")]

[node name="CollisionShape3D" type="CollisionShape3D" parent="Graphics/Armature/Skeleton3D/UpperArmLeft/Hitbox"]
transform = Transform3D(0.138422, 0.00116919, -0.00033693, -0.000779744, 0.207297, 0.000287075, 0.000420038, -0.000530742, 0.111516, -0.00384551, 0.18593, 0.0214313)
shape = SubResource("CapsuleShape3D_jiiat")

[node name="LowerArmLeft" type="BoneAttachment3D" parent="Graphics/Armature/Skeleton3D" index="2"]
transform = Transform3D(-0.998048, 0.0624479, 0.00075912, -0.0584496, -0.938291, 0.340871, 0.0219989, 0.340161, 0.94011, 0.457496, 1.17447, 0.0866647)
bone_name = "lower_arm.l"
bone_idx = 3

[node name="Hitbox" parent="Graphics/Armature/Skeleton3D/LowerArmLeft" instance=ExtResource("2_firyk")]

[node name="CollisionShape3D" type="CollisionShape3D" parent="Graphics/Armature/Skeleton3D/LowerArmLeft/Hitbox"]
transform = Transform3D(0.0963583, 0.0058566, -0.00844167, -0.00292656, 0.197114, -0.000549767, 0.00802955, 0.0015607, 0.101102, 0.0041565, 0.145347, 0.0129133)
shape = SubResource("CapsuleShape3D_dmwxr")

[node name="CollisionShape3D2" type="CollisionShape3D" parent="Graphics/Armature/Skeleton3D/LowerArmLeft/Hitbox"]
transform = Transform3D(0.0912216, 0.0573685, 0.0164052, -0.0285186, 0.188443, 1.52774e-05, -0.0149428, -0.00942864, 0.100121, 0.0428628, 0.549379, -0.0111526)
shape = SubResource("CapsuleShape3D_6g1g4")

[node name="CollisionShape3D3" type="CollisionShape3D" parent="Graphics/Armature/Skeleton3D/LowerArmLeft/Hitbox"]
transform = Transform3D(0.0914561, 0.0597252, 0.012205, -0.0311366, 0.159769, 0.049708, 0.00492599, -0.098983, 0.0875982, 0.0312386, 0.490023, -0.130384)
shape = SubResource("CapsuleShape3D_3q3wt")

[node name="CollisionShape3D4" type="CollisionShape3D" parent="Graphics/Armature/Skeleton3D/LowerArmLeft/Hitbox"]
transform = Transform3D(0.0915531, 0.0601952, -0.0107023, -0.0312381, 0.177313, -0.0299786, 0.000449929, 0.0618673, 0.0963329, 0.0495373, 0.518186, 0.109899)
shape = SubResource("CapsuleShape3D_3q3wt")

[node name="UpperArmRight" type="BoneAttachment3D" parent="Graphics/Armature/Skeleton3D" index="3"]
transform = Transform3D(-0.772083, -0.635492, -0.00616529, 0.633657, -0.770523, 0.0690929, -0.0486585, 0.0494387, 0.997591, -0.175098, 1.50524, 0.0708672)
bone_name = "upper_arm.r"
bone_idx = 4

[node name="Hitbox" parent="Graphics/Armature/Skeleton3D/UpperArmRight" instance=ExtResource("2_firyk")]

[node name="CollisionShape3D" type="CollisionShape3D" parent="Graphics/Armature/Skeleton3D/UpperArmRight/Hitbox"]
transform = Transform3D(0.138422, 0.00116919, -0.00033693, -0.000779744, 0.207297, 0.000287075, 0.000420038, -0.000530742, 0.111516, -0.00384551, 0.18593, 0.0214313)
shape = SubResource("CapsuleShape3D_jiiat")

[node name="LowerArmRight" type="BoneAttachment3D" parent="Graphics/Armature/Skeleton3D" index="4"]
transform = Transform3D(-0.999195, -0.0380169, -0.0128254, 0.0310547, -0.935208, 0.352735, -0.0254044, 0.352052, 0.935636, -0.449619, 1.17239, 0.0922239)
bone_name = "lower_arm.r"
bone_idx = 5

[node name="Hitbox" parent="Graphics/Armature/Skeleton3D/LowerArmRight" instance=ExtResource("2_firyk")]

[node name="CollisionShape3D" type="CollisionShape3D" parent="Graphics/Armature/Skeleton3D/LowerArmRight/Hitbox"]
transform = Transform3D(0.0963583, 0.0058566, -0.00844167, -0.00292656, 0.197114, -0.000549767, 0.00802955, 0.0015607, 0.101102, 0.0041565, 0.145347, 0.0129133)
shape = SubResource("CapsuleShape3D_dmwxr")

[node name="CollisionShape3D2" type="CollisionShape3D" parent="Graphics/Armature/Skeleton3D/LowerArmRight/Hitbox"]
transform = Transform3D(0.0834449, -0.0698464, -0.0366481, 0.0352126, 0.183483, -0.00436386, 0.0339851, -0.0186133, 0.0945047, -0.0354642, 0.557399, -0.00824928)
shape = SubResource("CapsuleShape3D_6g1g4")

[node name="CollisionShape3D3" type="CollisionShape3D" parent="Graphics/Armature/Skeleton3D/LowerArmRight/Hitbox"]
transform = Transform3D(0.0827754, -0.0681998, -0.0390597, 0.0475147, 0.15323, 0.039946, 0.0157656, -0.103732, 0.0846873, -0.0251002, 0.510342, -0.140782)
shape = SubResource("CapsuleShape3D_3q3wt")

[node name="CollisionShape3D4" type="CollisionShape3D" parent="Graphics/Armature/Skeleton3D/LowerArmRight/Hitbox"]
transform = Transform3D(0.0843145, -0.0694136, -0.0346209, 0.019237, 0.175528, -0.0416135, 0.0433474, 0.0571182, 0.0858079, -0.050718, 0.529434, 0.114376)
shape = SubResource("CapsuleShape3D_3q3wt")

[node name="UpperLegLeft" type="BoneAttachment3D" parent="Graphics/Armature/Skeleton3D" index="5"]
transform = Transform3D(-0.782999, 0.148379, 0.604046, 0.0548851, -0.95086, 0.304714, 0.619573, 0.27175, 0.736383, 0.131876, 0.936301, 1.36788e-07)
bone_name = "upperleg.l"
bone_idx = 6

[node name="Hitbox" parent="Graphics/Armature/Skeleton3D/UpperLegLeft" instance=ExtResource("2_firyk")]

[node name="CollisionShape3D" type="CollisionShape3D" parent="Graphics/Armature/Skeleton3D/UpperLegLeft/Hitbox"]
transform = Transform3D(0.108574, -0.0206892, 0.00547139, 0.00954582, 0.241201, -0.0117386, -0.0030326, 0.0185242, 0.158951, 0.0267262, 0.175783, -0.0157386)
shape = SubResource("CapsuleShape3D_4cimx")

[node name="LowerLegLeft" type="BoneAttachment3D" parent="Graphics/Armature/Skeleton3D" index="6"]
transform = Transform3D(-0.786345, -0.178842, 0.591314, 0.0264681, -0.966051, -0.256987, 0.617196, -0.186426, 0.764391, 0.193832, 0.53927, 0.113469)
bone_name = "lowerleg.l"
bone_idx = 7

[node name="Hitbox" parent="Graphics/Armature/Skeleton3D/LowerLegLeft" instance=ExtResource("2_firyk")]

[node name="CollisionShape3D" type="CollisionShape3D" parent="Graphics/Armature/Skeleton3D/LowerLegLeft/Hitbox"]
transform = Transform3D(0.122895, -0.0207929, 0.00282745, 0.00982457, 0.259068, 0.00129815, -0.0036171, -0.00278707, 0.0995979, 0.00674416, 0.206321, -0.00156808)
shape = SubResource("CapsuleShape3D_ma2s7")

[node name="UpperLegRight" type="BoneAttachment3D" parent="Graphics/Armature/Skeleton3D" index="7"]
transform = Transform3D(-0.782999, -0.148381, -0.604045, -0.0548845, -0.95086, 0.304716, -0.619573, 0.271752, 0.736382, -0.131876, 0.936301, 1.36788e-07)
bone_name = "upperleg.r"
bone_idx = 8

[node name="Hitbox" parent="Graphics/Armature/Skeleton3D/UpperLegRight" instance=ExtResource("2_firyk")]

[node name="CollisionShape3D" type="CollisionShape3D" parent="Graphics/Armature/Skeleton3D/UpperLegRight/Hitbox"]
transform = Transform3D(0.108896, -0.0109695, 0.00356982, 0.00498009, 0.242481, -0.00352713, -0.00232887, 0.00561052, 0.159399, -0.0200875, 0.181049, -0.00773746)
shape = SubResource("CapsuleShape3D_6eldn")

[node name="LowerLegRight" type="BoneAttachment3D" parent="Graphics/Armature/Skeleton3D" index="8"]
transform = Transform3D(-0.786345, 0.17884, -0.591314, -0.0264674, -0.966052, -0.256985, -0.617196, -0.186424, 0.76439, -0.193832, 0.539271, 0.11347)
bone_name = "lowerleg.r"
bone_idx = 9

[node name="Hitbox" parent="Graphics/Armature/Skeleton3D/LowerLegRight" instance=ExtResource("2_firyk")]

[node name="CollisionShape3D" type="CollisionShape3D" parent="Graphics/Armature/Skeleton3D/LowerLegRight/Hitbox"]
transform = Transform3D(0.123208, -0.00334084, 0.00444163, 0.00168018, 0.259854, -0.00169608, -0.00546965, 0.00457637, 0.099533, 0.000120215, 0.206476, -0.00147042)
shape = SubResource("CapsuleShape3D_0y1ta")

[node name="Hip" type="BoneAttachment3D" parent="Graphics/Armature/Skeleton3D" index="9"]
transform = Transform3D(1, 0, 0, 0, 1, 0, 0, 0, 1, 0, 0.915201, 0)
bone_name = "hip"
bone_idx = 0

[node name="Hitbox" parent="Graphics/Armature/Skeleton3D/Hip" instance=ExtResource("2_firyk")]

[node name="CollisionShape3D" type="CollisionShape3D" parent="Graphics/Armature/Skeleton3D/Hip/Hitbox"]
transform = Transform3D(0.298681, 0, 0, 0, 0.242261, -0.0592371, 0, 0.0561487, 0.255586, 0.000177205, 0.11346, -0.0276535)
shape = SubResource("BoxShape3D_o40r8")

[node name="Body" type="BoneAttachment3D" parent="Graphics/Armature/Skeleton3D" index="10"]
transform = Transform3D(0.999991, 0.00434427, 8.33924e-06, -0.00426325, 0.981705, -0.190359, -0.000835156, 0.190357, 0.981715, 0, 1.13977, 0)
bone_name = "body"
bone_idx = 1

[node name="Hitbox" parent="Graphics/Armature/Skeleton3D/Body" instance=ExtResource("2_firyk")]

[node name="CollisionShape3D" type="CollisionShape3D" parent="Graphics/Armature/Skeleton3D/Body/Hitbox"]
transform = Transform3D(0.282553, -3.01467e-09, 6.36859e-11, 2.86801e-09, 0.296725, -0.0128398, 6.1064e-11, 0.0126442, 0.301315, 0.000177199, 0.106525, -0.00622317)
shape = SubResource("BoxShape3D_ac7vp")

[node name="CollisionShape3D2" type="CollisionShape3D" parent="Graphics/Armature/Skeleton3D/Body/Hitbox"]
transform = Transform3D(0.365153, -1.49152e-08, 3.93769e-10, 8.40945e-09, 0.644616, -0.0343502, 4.07063e-10, 0.0625588, 0.353952, -0.000584973, 0.402439, 0.0280556)
shape = SubResource("BoxShape3D_1hv31")

[node name="Hitbox2" parent="Graphics/Armature/Skeleton3D/Body" instance=ExtResource("2_firyk")]
transform = Transform3D(1, -3.55271e-15, -1.42109e-14, 3.55271e-15, 1, -1.49012e-08, 0, 1.49012e-08, 1, 0, 0, 0)
weak_spot = true

[node name="CollisionShape3D" type="CollisionShape3D" parent="Graphics/Armature/Skeleton3D/Body/Hitbox2"]
transform = Transform3D(0.282553, -2.03055e-08, 4.40999e-09, 2.06215e-08, 0.264868, -0.118004, 3.23382e-09, 0.0851674, 0.366988, 0.000177133, 0.492943, 0.273139)
shape = SubResource("SphereShape3D_7yjnb")

[editable path="Graphics"]
